865
879
930
609
28
823
6
26
330
470
455
567
449
252
542
989
697
375
925
310
867
98
361
323
61
363
381
361
583
227
789
572
830
898
285
42
444
868
949
898
504
626
1
297
177
59
748
682
412
245
210
166
987
270
900
927
672
247
352
126
326
3
160
482
849
454
473
29
238
87
496
822
723
936
511
27
234
334
99
259
518
540
620
28
92
137
818
833
843
973
695
834
148
645
802
53
693
657
130
479
128
768
202
682
918
325
93
824
21
795
968
427
892
722
912
825
73
979
92
5
484
952
82
446
613
965
999
191
161
308
628
810
94
471
967
858
583
928
509
129
452
981
289
238
317
835
7
538
480
375
801
891
175
620
989
937
519
420
269
819
327
640
128
955
945
992
284
448
943
443
671
538
497
59
300
72
958
575
68
132
979
415
189
324
702
587
807
25
749
747
667
929
595
764
273
721
491
108
342
172
461
1000
874
253
977
993
378
560
202
229
986
53
184
631
522
131
229
254
859
382
401
832
726
553
222
733
184
786
652
187
897
868
801
920
460
451
948
415
784
185
499
85
977
352
335
302
939
984
868
679
665
314
551
169
470
372
646
478
418
934
204
835
435
416
823
750
265
944
786
606
991
772
380
684
362
766
517
917
766
723
314
56
641
757
7
159
285
397
200
664
795
864
177
893
879
539
489
548
704
796
264
232
612
427
70
351
145
693
825
333
585
299
57
548
234
693
39
551
467
912
21
826
359
4
998
478
953
590
975
785
182
10
433
38
882
56
620
316
995
527
615
552
986
225
414
542
1
720
895
21
440
339
836
213
433
688
984
535
672
900
473
912
869
970
427
910
484
30
838
759
826
857
328
5
415
873
787
359
821
439
405
41
841
775
493
99
298
192
630
652
643
668
708
312
502
778
967
477
264
91
959
559
798
166
630
557
661
436
28
37
452
494
488
563
539
50
401
405
634
239
574
795
698
10
512
770
2
721
298
281
901
778
863
837
35
448
839
224
370
272
679
732
990
305
4
576
601
482
11
214
762
783
199
439
843
696
153
672
503
826
759
814
984
468
190
486
77
138
108
481
638
811
86
923
661
476
617
153
755
594
563
947
529
775
757
619
879
179
325
927
671
142
240
897
540
573
143
380
628
953
103
256
396
356
473
875
302
803
664
560
67
694
936
871
744
972
290
948
202
365
48
772
807
476
884
292
471
328
660
545
327
406
257
201
40
521
499
185
141
820
896
334
431
881
102
606
861
623
92
749
496
225
717
514
78
978
442
137
66
882
262
104
714
906
490
326
201
908
674
900
567
791
538
810
813
746
935
330
908
951
258
527
844
606
917
200
800
525
948
986
279
317
747
632
345
509
615
368
778
804
430
950
805
318
781
664
750
605
699
721
216
188
820
978
882
24
977
867
185
308
357
784
194
241
613
454
515
293
572
368
427
637
741
182
68
562
848
247
442
603
180
899
701
360
141
632
644
492
924
960
554
264
268
737
514
243
871
401
844
646
228
940
410
531
477
799
103
105
410
252
988
891
331
403
675
491
235
457
968
200
48
899
279
530
150
654
745
602
221
659
411
936
396
46
109
773
504
941
208
790
26
59
809
345
46
732
250
647
615
400
434
936
814
46
217
245
551
865
923
619
664
169
395
287
838
474
676
587
553
340
47
107
64
355
141
915
692
980
919
196
648
665
119
988
762
70
856
226
442
811
348
930
869
936
107
205
69
812
341
437
851
495
377
859
73
110
895
202
110
147
953
935
103
299
60
337
19
982
601
546
845
366
93
930
304
429
577
23
821
904
969
221
890
82
302
179
355
925
401
163
190
323
163
514
977
519
955
396
976
280
671
262
85
300
490
594
764
992
97
807
48
965
169
994
792
942
91
297
373
86
762
206
621
570
287
194
575
814
785
330
830
866
605
879
539
515
561
508
365
955
570
131
809
646
85
183
630
547
862
958
140
333
795
222
714
153
290
817
525
308
614
253
702
263
76
264
253
610
903
230
324
297
529
170
651
646
131
669
477
84
198
506
391
82
171
562
490
375
17
817
785
647
400
868
520
303
349
784
217
191
877
265
889
799
676
817
342
607
413
1
372
405
423
177
445
866
187
151
197
813
843
334
116
175
870
630
929
81
995
100
556
255
114
23
103
869
492
106
289
229
734
817
143
395
265
242
19
341
364
983
51
617
691
541
214
724
771
663
168
876
647
991
887
649
796
508
802
649
151
764
906
757
575
432
451
79
560
662
653
24
878
45
57
158
150
368
404
453
131
526
838
424
74
945
563
201
14
436
611
843
997
700
100
201
823
743
747
206
243
639
280
862
631
917
210
217
905
373
862
898
621
910
184
927
24
244
105
954
406
584
318
710
446
857
710
187
624
502
699
604
998
369
626
822
469
923
442
381
142
852
894
379
68
950
91
485
821
928
781
293
924
943
458
623
581
524
569
917
949
121
35
866
162
649
137
633
219
523
159
232
570
709
198
498
466
401
560
720
877
759
484
217
856
447
757
231
30
866
482
397
534
908
23
376
240
292
394
648
241
138
781
830
853
232
328
664
14
394
954
873
882
69
99
37
464
333
78
813
713
577
148
332
243
126
149
977
150
928
970
613
13
983
901
110
88
295
976
887
630
169
967
638
603
921
127
336
471
591
50
372
60
955
787
415
880
288
482
330
903
659
210
576
239
804
561
369
388
912
24
899
771
163
822
422
114
928
841
656
549
720
367
365
159
291
423
933
109
264
906
661
451
293
915
237
119
72
264
370
102
393
746
102
563
982
595
731
291
372
833
703
75
54
987
857
80
119
207
633
801
275
702
782
937
687
101
95
137
136
989
432
870
244
800
761
329
415
438
231
551
69
513
337
126
516
518
785
347
931
536
775
59
679
782
362
215
35
905
339
239
35
712
974
164
792
89
601
993
164
699
579
97
355
405
133
867
399
549
817
194
982
82
49
638
464
605
888
220
945
362
224
754
339
783
313
129
242
762
763
735
490
860
881
685
565
291
411
999
561
737
296
895
771
296
117
683
332
987
730
699
8
580
176
879
777
174
660
738
830
209
112
148
905
111
77
177
319
711
291
495
318
810
874
859
856
311
334
672
787
817
501
831
759
210
704
642
505
368
381
382
345
298
247
906
392
147
868
15
745
906
431
561
897
420
178
780
808
670
471
80
171
664
266
815
731
398
742
73
693
565
166
285
95
332
65
645
641
769
811
460
357
66
554
111
583
272
865
452
288
524
677
71
404
845
715
371
318
583
397
182
201
533
319
885
189
915
266
621
353
551
790
367
553
219
645
761
101
535
967
120
233
446
58
112
330
234
154
483
995
254
960
634
297
544
18
689
598
529
304
240
687
584
576
564
150
55
612
129
260
593
765
140
626
56
223
46
372
4
673
882
797
892
740
183
391
146
383
791
213
512
214
883
696
139
250
531
220
840
885
45
724
791
232
507
808
418
927
976
539
467
681
34
733
394
701
462
531
539
891
888
410
935
253
118
28
704
194
696
870
114
121
166
356
345
909
507
995
247
723
526
598
718
221
273
823
301
316
255
140
135
379
240
71
189
392
627
819
214
925
492
336
775
561
658
396
410
126
810
312
728
99
778
956
758
384
83
326
974
20
644
611
127
863
89
625
311
207
491
765
799
14
559
17
578
620
539
146
364
800
998
265
884
504
110
155
945
650
291
205
658
404
383
880
748
552
669
669
514
275
177
726
232
780
779
885
909
843
462
396
823
798
602
700
448
159
827
79
146
475
978
50
793
190
710
729
140
532
110
510
252
425
830
647
746
961
137
955
330
276
309
995
196
548
738
83
1
248
482
564
353
311
288
164
914
462
106
495
869
532
19
553
567
183
318
724
210
574
562
376
79
575
958
617
99
858
748
924
693
342
569
433
497
43
725
13
446
961
356
868
260
9
963
244
296
62
845
2
38
433
806
534
315
258
140
395
544
359
493
711
964
565
428
970
527
626
451
876
217
585
591
642
891
222
212
536
719
322
871
17
314
768
325
461
190
930
121
100
779
250
614
665
425
311
876
898
84
784
239
318
582
758
672
312
5
76
122
900
875
755
896
256
650
548
792
637
297
779
158
562
965
81
247
99
67
883
327
211
193
589
67
678
595
212
412
590
604
496
375
393
607
75
197
2
653
747
199
40
239
632
549
928
904
971
860
465
611
819
348
733
356
455
231
94
66
554
952
728
709
655
964
384
266
440
330
987
442
358
675
360
783
877
855
761
80
218
862
489
102
364
623
186
43
39
616
575
113
403
665
711
199
135
932
496
206
208
881
382
450
968
91
456
22
900
349
180
613
796
436
770
765
318
603
88
760
378
88
428
70
11
275
849
794
374
351
57
538
654
868
64
751
894
372
251
737
895
232
361
185
18
579
138
722
22
125
146
82
428
380
897
200
207
638
663
831
716
580
4
838
414
96
442
399
704
497
296
74
849
782
407
232
84
643
161
437
389
639
122
57
843
450
85
196
604
523
852
357
40
302
476
856
593
328
471
711
916
202
427
121
313
749
857
621
903
376
389
206
68
909
212
733
55
539
666
24
845
684
34
44
587
613
302
85
396
983
862
39
564
858
341
9
862
658
992
815
585
118
58
536
720
307
759
489
28
43
563
578
398
595
196
261
225
404
101
241
209
946
641
658
474
598
178
950
236
305
971
793
123
398
578
39
271
315
720
3
958
889
941
322
869
276
797
897
97
473
139
528
374
222
111
897
762
99
294
777
692
467
90
586
470
644
309
672
163
857
736
372
820
148
537
989
215
136
428
537
826
36
612
161
994
295
362
459
572
100
852
741
920
593
653
713
862
973
342
952
410
267
88
895
988
316
575
411
423
969
281
742
361
615
232
477
537
300
693
28
130
857
854
747
198
305
708
924
922
52
693
303
866
251
403
904
824
863
556
240
1
765
652
784
767
629
52
19
71
333
433
916
713
499
254
171
586
340
64
839
948
549
29
172
438
736
55
392
864
228
794
421
707
21
517
503
245
699
799
925
692
982
66
615
285
824
892
702
780
379
290
51
734
147
8
993
898
202
854
282
587
570
173
18
504
860
433
817
833
136
637
196
708
10
456
732
389
517
634
88
799
576
568
979
581
642
837
854
764
976
178
931
663
162
845
440
105
842
184
646
888
350
177
333
480
978
456
158
172
859
517
824
510
396
609
328
2
994
394
7
271
383
358
244
617
733
132
343
536
530
534
291
393
830
976
515
780
938
90
870
294
536
850
412
316
349
963
802
897
523
882
132
992
287
913
361
751
504
938
554
946
92
465
367
603
165
877
515
688
460
629
224
358
849
984
161
148
209
798
128
450
691
278
145
270
329
295
314
976
891
710
320
161
69
504
897
93
952
867
484
583
198
248
328
451
199
491
938
545
159
353
143
789
808
511
381
276
158
43
464
813
185
796
894
467
967
582
934
852
54
535
163
260
290
594
482
372
333
892
766
210
930
95
281
577
647
351
448
18
509
886
556
848
684
239
464
531
429
47
802
410
804
56
98
7
976
834
968
272
853
446
135
831
171
788
540
766
535
32
146
597
969
939
117
218
491
132
23
355
897
448
28
174
285
206
83
666
653
926
676
672
767
575
411
381
288
226
795
807
524
452
269
321
340
553
147
315
344
32
989
661
854
93
452
742
617
391
797
884
634
202
76
265
73
991
337
827
951
496
254
291
142
759
26
464
362
570
196
935
420
543
889
906
792
257
116
395
789
270
588
672
463
510
515
592
94
604
248
654
543
273
415
298
908
584
531
839
106
569
558
186
579
806
439
32
116
816
154
956
207
472
14
553
479
72
342
764
647
513
135
664
164
110
913
164
822
510
413
205
900
321
659
31
283
634
759
955
843
393
655
654
877
318
853
613
765
90
719
981
961
669
549
112
548
468
777
311
265
318
657
694
561
828
445
939
406
510
486
465
464
690
34
827
215
406
728
555
798
410
624
488
116
84
805
942
67
407
926
793
382
59
362
636
868
83
161
221
838
169
895
663
205
151
461
483
793
286
599
119
731
764
454
657
900
974
48
337
165
657
780
971
892
19
547
505
408
441
382
522
496
474
928
425
632
521
485
322
412
526
188
495
34
601
166
957
818
82
176
341
30
728
449
452
980
211
64
999
942
103
276
156
731
56
329
835
814
241
852
379
629
898
429
6
754
11
815
926
990
802
429
598
578
547
753
443
786
124
296
182
114
675
431
238
380
393
765
730
805
93
736
223
467
735
285
951
597
436
59
704
556
444
935
642
10
939
904
649
811
193
408
548
637
899
584
428
3
428
80
640
558
452
210
129
582
460
943
515
31
532
705
767
116
901
395
68
371
447
609
943
746
468
840
78
375
718
654
216
69
200
373
774
826
635
774
757
722
782
42
409
258
706
599
942
769
55
914
27
746
687
549
564
780
162
849
353
167
730
420
228
309
330
888
382
31
471
576
73
93
846
349
720
30
190
45
301
880
646
852
235
869
626
92
124
437
971
663
520
691
994
379
492
250
787
939
721
681
444
602
148
76
699
610
708
212
707
629
663
709
527
241
399
914
698
457
427
392
403
10
591
755
981
758
984
204
568
921
772
692
27
604
702
722
924
877
956
59
646
268
308
347
826
236
130
479
497
778
901
951
566
43
324
821
985
364
666
263
345
485
282
343
20
520
20
109
796
636
584
104
87
754
856
964
851
532
844
172
338
101
358
836
708
31
228
238
934
464
640
538
305
823
71
815
451
468
860
761
905
436
320
656
843
501
345
217
919
349
839
978
535
610
215
837
800
321
297
180
190
76
902
922
757
435
51
47
78
500
263
863
38
511
142
740
224
410
541
243
895
629
937
651
754
328
693
996
183
249
942
689
109
282
10
95
481
934
542
888
165
440
183
146
733
775
608
165
133
917
316
76
70
739
843
882
42
99
370
408
989
816
180
154
650
117
186
162
630
823
396
571
332
439
67
499
866
128
817
846
333
595
874
286
112
145
470
228
548
814
91
586
834
38
234
65
636
712
417
218
578
121
452
357
352
29
102
370
782
352
229
773
939
126
997
620
646
307
555
553
228
538
308
419
645
231
711
180
853
415
978
761
565
608
850
412
743
700
820
503
199
411
877
161
786
793
126
658
647
30
772
338
59
321
761
495
151
383
625
778
365
96
981
226
125
528
500
602
560
184
250
6
634
513
643
236
878
265
511
946
967
456
870
942
29
528
102
186
227
691
626
905
531
928
804
849
6
346
200
620
161
39
261
461
344
278
547
734
606
757
140
62
430
807
245
655
541
135
559
810
624
25
137
693
477
300
315
643
566
749
238
14
114
736
993
489
601
342
905
645
295
206
71
151
164
800
303
120
784
635
518
919
342
109
795
326
282
898
134
410
721
609
555
510
842
416
851
591
75
134
189
426
690
346
555
764
7
472
945
250
871
633
233
97
924
906
32
690
565
120
843
576
919
257
258
695
669
306
494
87
217
382
699
803
153
338
927
922
133
111
905
968
764
312
176
104
675
43
200
672
497
319
514
688
967
586
533
784
507
328
168
345
438
692
554
577
900
261
817
899
129
445
894
219
808
781
226
427
808
913
743
384
369
322
680
979
159
328
564
7
902
29
178
573
475
465
11
815
411
722
846
179
775
198
412
527
776
804
964
907
106
291
483
421
740
466
170
640
245
177
28
521
727
661
339
237
395
139
928
100
614
583
963
482
610
139
311
701
45
213
985
123
31
715
459
321
241
576
392
771
595
646
283
974
320
674
673
717
812
502
194
135
639
712
124
71
994
60
532
714
812
461
305
250
761
607
217
43
614
96
468
679
255
129
689
928
762
374
818
70
543
391
654
379
934
87
147
245
380
593
40
832
869
798
778
499
668
992
906
748
73
909
868
204
632
842
930
880
387
571
154
833
331
974
506
987
112
943
520
349
475
239
169
507
930
344
332
265
657
675
403
380
831
49
208
78
293
385
61
349
936
490
990
364
202
184
933
785
236
944
941
311
509
299
243
727
453
548
31
604
59
711
150
754
731
655
135
179
356
88
829
700
341
884
177
819
561
573
683
608
811
160
879
82
157
778
867
900
875
245
793
114
844
223
701
812
515
206
403
321
837
867
460
140
603
195
34
876
65
467
348
758
421
552
92
974
677
298
760
699
206
471
817
754
599
39
172
7
554
357
910
664
767
618
10
878
227
859
204
948
284
646
526
992
532
794
41
164
465
599
758
983
227
426
431
328
597
350
576
466
441
932
307
197
20
558
460
468
575
375
573
408
446
477
601
254
724
176
280
118
737
973
507
570
1000
34
328
163
1000
905
921
111
139
389
13
265
29
584
968
383
532
337
15
875
178
885
730
169
359
905
54
876
329
535
577
47
515
309
550
623
277
817
500
509
402
996
176
591
485
835
941
217
11
215
479
541
454
431
645
639
422
110
307
721
251
311
664
228
385
201
843
297
592
663
447
744
969
359
630
225
1
545
417
186
170
350
727
86
65
567
318
949
239
562
283
499
320
71
37
722
662
641
250
763
178
653
189
8
464
614
865
814
524
119
913
891
94
564
540
364
868
926
110
597
582
455
771
548
147
143
385
639
60
470
373
288
632
189
398
263
333
619
407
71
765
935
1000
471
390
443
426
733
732
231
135
600
897
230
115
535
105
498
455
183
803
877
793
839
732
783
760
361
102
298
187
362
844
620
860
171
325
321
664
853
42
695
569
60
523
651
556
567
214
274
823
224
550
18
768
475
289
193
595
468
257
996
927
779
328
682
410
52
436
192
569
770
759
351
14
177
812
794
35
865
72
406
506
678
288
608
24
671
949
219
909
884
972
665
412
869
208
561
171
72
430
305
294
49
602
569
267
295
820
254
363
539
902
716
574
440
83
240
444
46
269
299
289
66
430
222
916
113
155
754
230
598
317
504
271
950
576
996
632
330
814
656
978
365
657
521
182
573
530
697
398
479
139
218
571
122
472
550
864
631
457
368
263
872
37
663
349
930
455
787
982
399
40
254
814
949
806
496
188
876
635
804
284
178
858
767
132
851
484
989
899
75
8
298
289
683
334
456
879
871
195
185
337
863
475
466
471
312
719
992
758
675
446
148
474
408
740
82
711
677
169
916
397
468
852
614
212
904
806
794
310
17
327
55
887
135
30
107
70
313
262
940
883
154
368
477
402
19
872
272
226
614
654
247
673
208
540
605
620
337
438
430
453
650
79
353
909
339
904
5
313
883
546
806
393
363
639
907
799
887
455
978
999
567
319
202
821
372
886
446
780
854
453
154
889
907
728
261
587
339
645
520
590
363
228
546
486
810
753
489
182
945
606
312
631
68
771
708
258
470
831
184
492
402
720
814
178
790
9
568
923
409
631
452
286
559
85
514
693
259
413
297
216
692
325
878
737
122
8
556
398
944
334
312
347
463
53
418
139
314
130
87
901
537
791
159
485
771
801
890
332
211
684
924
451
35
927
241
10
140
832
946
988
394
43
704
811
249
360
514
872
798
62
70
832
964
484
906
52
556
321
495
598
360
916
981
921
28
948
123
848
78
272
191
230
986
726
713
649
498
353
680
813
22
692
123
675
143
937
672
151
805
176
398
68
257
825
222
770
167
806
495
626
445
15
117
102
32
690
350
910
573
458
205
717
495
545
165
559
175
841
687
581
368
63
228
62
393
127
923
104
866
910
422
439
676
597
928
59
472
85
345
475
910
730
828
340
34
266
353
122
628
794
125
523
392
60
714
657
311
263
280
608
130
210
75
982
459
579
697
15
406
364
609
416
18
861
156
792
93
432
645
375
45
6
841
916
454
341
934
494
685
159
524
491
10
675
455
597
60
384
915
752
864
846
820
676
240
936
70
152
847
944
780
177
684
98
502
681
705
38
33
84
628
36
121
4
511
55
108
803
953
307
404
786
729
918
163
312
433
98
668
750
448
182
71
757
549
916
79
413
74
182
708
945
596
920
540
947
974
606
838
452
629
305
586
436
899
579
837
485
39
481
174
486
845
669
920
335
457
691
205
203
715
573
117
691
598
548
162
918
597
380
363
487
90
738
907
410
453
177
229
817
750
269
91
457
2
127
159
500
894
234
364
10
804
70
325
631
205
939
232
520
393
666
340
733
262
751
616
300
92
489
187
726
217
270
348
697
233
661
380
867
625
552
574
34
833
265
304
163
956
821
876
54
837
81
281
301
696
225
865
642
95
530
777
410
901
973
423
180
937
69
373
800
244
970
469
891
143
84
836
699
776
86
555
474
509
176
120
932
253
877
510
592
638
506
715
44
654
770
465
631
185
654
520
217
900
974
797
437
628
531
612
417
935
549
248
505
364
935
717
289
874
552
658
248
413
387
55
36
722
340
521
868
636
723
224
737
403
719
494
582
227
178
160
616
840
249
855
442
123
115
965
161
402
8
933
271
231
214
750
769
604
572
36
355
128
953
910
207
675
558
549
447
976
75
667
982
872
176
621
400
405
33
379
747
67
692
316
289
583
180
234
996
527
474
581
35
995
376
712
535
863
327
174
246
155
454
206
177
100
354
224
404
586
321
278
447
67
646
568
759
512
246
998
839
368
207
837
645
220
177
253
425
622
118
694
107
549
849
610
927
288
52
415
244
93
353
720
334
403
392
601
681
717
167
558
195
696
130
309
994
471
538
413
743
422
74
991
402
744
283
282
517
223
657
557
313
729
657
587
381
657
422
477
627
573
194
64
979
862
731
941
546
834
434
189
133
28
768
444
518
906
833
65
270
510
250
250
950
671
38
189
68
442
6
819
435
881
12
350
114
441
313
54
635
937
141
437
609
689
928
482
663
247
930
195
699
326
602
392
104
328
33
738
403
514
251
97
895
25
697
355
683
31
185
963
214
615
339
775
684
408
848
510
178
614
604
127
376
650
198
366
410
868
438
804
400
691
771
832
960
706
556
237
393
244
100
418
80
767
734
823
822
609
928
765
665
43
690
206
705
724
964
142
242
209
411
517
772
329
641
717
664
82
128
690
522
609
511
179
793
435
425
451
451
258
412
854
472
109
561
177
537
307
782
812
110
834
256
297
61
267
623
681
638
381
347
444
840
534
451
172
554
527
26
217
314
206
494
756
970
924
236
942
902
579
490
460
198
874
721
614
415
157
134
369
117
112
795
740
421
903
806
291
351
711
780
136
49
379
219
108
944
316
342
235
29
513
971
433
568
852
938
463
4
756
207
945
230
799
778
836
811
113
759
47
496
262
10
537
247
705
631
41
718
286
801
151
944
38
260
815
724
886
614
215
319
376
382
210
714
288
118
161
53
203
544
106
371
608
430
920
694
500
158
951
485
360
174
508
980
137
299
270
570
219
408
2
379
115
730
135
213
658
742
195
804
437
545
41
165
303
774
693
343
559
653
910
574
471
811
442
244
78
816
577
909
161
485
229
87
817
401
332
201
271
776
406
900
343
976
314
357
774
373
661
527
77
262
707
397
561
718
736
949
898
167
712
333
15
924
174
203
482
561
536
410
361
737
988
359
687
399
608
255
622
602
858
779
740
875
581
28
303
544
259
344
476
652
557
516
402
542
677
412
317
84
146
54
735
220
924
900
782
404
388
193
731
828
372
839
441
348
287
976
52
199
827
413
948
451
591
336
776
840
692
194
762
187
904
719
475
286
715
237
330
57
472
168
955
93
752
748
902
45
380
151
401
639
63
597
192
834
188
362
319
34
550
8
461
880
50
40
747
199
398
640
110
217
563
393
270
96
637
962
497
640
379
677
116
360
898
274
690
918
186
987
772
84
957
374
978
848
206
885
664
486
540
467
709
400
967
421
327
665
674
651
571
479
271
211
140
264
910
83
242
162
303
250
178
729
942
373
549
309
475
829
891
643
123
140
904
703
846
361
607
848
917
217
463
34
471
241
232
108
468
641
324
385
434
410
930
853
180
154
729
796
154
280
302
616
880
933
924
500
992
273
319
909
617
613
153
5
407
164
555
298
143
195
315
906
191
260
765
639
738
999
962
53
183
678
881
688
581
19
92
405
612
364
986
852
3
182
817
570
727
826
843
57
187
872
512
855
892
757
100
729
402
134
589
200
119
501
218
162
564
409
822
689
933
557
295
194
381
922
958
694
617
497
625
736
491
153
596
210
852
15
886
866
251
970
44
189
32
945
206
492
239
422
548
41
713
585
635
33
203
974
322
925
128
969
444
229
589
608
588
875
809
395
19
370
947
481
739
52
639
429
231
211
802
350
484
723
310
108
42
696
650
265
884
709
108
266
903
364
835
866
941
730
680
587
385
180
647
721
896
905
310
60
898
967
858
403
964
789
400
728
335
479
140
548
46
171
64
436
120
898
452
2
582
565
16
977
920
405
973
721
105
579
493
631
365
461
171
925
695
798
901
36
56
151
269
936
402
201
282
189
166
918
337
258
643
752
623
856
578
467
179
394
845
237
870
869
22
436
227
14
804
726
942
683
393
269
508
124
441
260
699
252
546
637
470
123
203
881
555
817
467
75
121
909
587
587
924
317
712
697
386
931
363
63
606
679
761
996
620
57
619
315
169
559
94
698
879
198
510
573
782
944
634
183
654
272
755
769
446
354
82
470
915
978
997
97
555
923
619
612
656
879
561
486
873
302
425
548
285
627
889
14
919
855
14
840
722
110
761
165
242
690
415
140
498
377
472
161
690
372
765
340
639
709
746
450
764
853
451
135
114
644
462
483
855
888
144
60
303
457
352
646
725
777
514
146
41
252
753
830
417
237
825
298
687
47
603
244
835
820
685
593
466
771
652
178
897
719
94
513
882
30
417
6
646
294
223
131
51
105
488
776
988
360
49
111
662
550
891
230
349
692
80
672
471
300
957
764
779
830
264
790
443
321
496
666
168
577
82
452
28
145
715
565
897
507
594
597
799
10
657
590
640
548
294
353
425
190
689
416
771
609
771
954
583
351
405
25
225
644
462
454
217
829
274
210
775
352
78
215
795
419
881
481
461
979
627
696
720
303
925
365
573
914
76
238
17
717
901
3
561
637
961
875
488
233
973
158
415
970
12
2
570
859
920
756
548
805
831
576
8
878
92
361
905
663
39
726
228
51
932
126
897
418
87
225
803
768
557
71
809
276
456
724
819
354
731
470
841
258
782
895
872
264
177
603
256
308
836
725
439
310
905
46
801
604
651
700
29
805
66
18
203
616
828
617
693
198
263
316
576
544
722
307
256
901
794
738
938
50
872
911
171
539
298
605
400
727
872
930
966
846
86
811
901
860
492
892
781
964
15
708
655
381
310
243
830
145
970
813
529
353
339
973
467
595
719
667
249
391
551
857
98
750
948
743
681
372
399
963
480
517
383
970
612
593
720
590
155
426
553
297
389
5
339
55
564
800
240
201
948
960
691
288
186
45
11
91
49
961
272
406
564
328
907
749
750
224
253
40
773
375
146
112
294
848
326
902
617
466
769
564
289
651
654
400
957
526
962
395
725
88
1
681
757
855
263
326
298
252
529
284
326
264
367
717
465
233
670
861
980
378
681
379
164
492
293
276
474
610
342
714
227
129
42
692
810
111
204
299
694
316
485
655
912
742
597
848
796
859
373
221
685
763
830
564
612
545
447
455
253
314
810
941
543
753
680
634
266
217
748
432
65
910
3
550
571
895
806
970
111
790
666
492
407
622
417
277
777
676
436
673
808
631
843
614
681
558
371
112
985
53
797
10
280
467
719
448
903
521
419
783
371
310
399
986
699
60
444
585
432
972
419
292
695
470
286
431
804
773
747
654
264
765
227
393
916
888
707
23
150
159
235
993
417
18
243
287
537
343
137
521
684
907
847
196
266
932
159
372
45
326
334
27
759
348
725
428
324
877
630
31
633
33
288
83
682
770
869
706
191
616
205
95
580
10
185
405
539
268
869
497
304
871
931
901
638
40
299
433
193
267
95
631
135
231
256
879
358
839
74
42
57
499
205
744
906
430
476
885
771
744
82
998
275
468
95
33
331
192
743
257
426
936
598
270
260
840
534
678
996
898
76
419
757
800
914
188
851
919
623
608
148
868
378
235
270
873
384
794
870
826
348
547
963
413
692
664
228
8
907
759
757
920
131
857
682
469
379
435
227
423
112
783
674
646
468
179
54
947
899
256
10
904
131
421
395
19
10
712
848
353
385
588
491
480
152
292
431
135
5
305
513
546
575
933
173
621
27
328
856
58
943
77
356
434
995
86
796
1
668
938
70
143
441
264
204
54
227
867
808
911
158
211
420
269
952
300
174
639
535
471
424
568
70
176
587
185
849
938
761
539
813
822
379
711
897
449
196
50
752
156
12
317
220
99
137
764
255
197
702
566
978
538
687
544
707
278
206
252
630
800
857
873
423
742
510
521
391
575
414
253
275
719
360
363
976
477
411
409
552
597
258
148
284
490
94
929
984
474
360
32
520
237
817
906
540
226
876
269
148
195
123
480
648
30
361
372
580
831
503
361
134
540
126
817
842
90
620
204
977
357
477
200
551
236
776
72
301
46
952
606
613
497
311
948
460
709
750
92
699
903
835
445
49
692
365
376
402
392
413
943
180
38
803
595
137
161
55
465
48
458
586
903
80
740
510
645
55
144
276
532
840
242
31
963
909
709
802
986
565
36
202
737
135
279
257
891
25
554
303
856
267
494
6
636
768
658
797
560
709
568
257
823
922
29
536
19
911
689
278
802
1000
381
414
170
195
817
915
585
781
863
225
764
567
318
491
433
521
401
360
294
639
701
359
469
773
982
456
187
257
553
64
992
425
494
440
35
715
730
465
671
971
175
71
44
408
794
344
184
488
91
470
657
63
458
296
893
510
917
366
687
832
225
850
13
801
299
366
476
855
152
315
122
718
447
690
179
916
238
536
986
229
98
737
879
640
817
851
220
203
644
495
464
471
442
869
265
340
651
792
836
239
161
990
522
144
527
13
594
869
266
795
960
287
121
707
527
564
637
289
542
207
32
262
733
853
69
773
187
868
215
374
233
969
392
572
741
661
138
821
338
985
168
303
286
151
245
240
100
714
497
455
943
702
120
651
40
769
356
526
702
843
999
995
73
154
765
856
595
833
914
563
433
75
278
159
419
85
760
396
216
740
288
101
907
170
497
292
262
279
598
970
827
472
235
817
809
849
278
866
81
625
449
143
978
892
769
523
291
53
702
506
198
589
316
613
697
114
534
143
700
680
537
938
343
833
977
53
244
969
387
564
920
804
171
876
710
11
171
933
654
648
903
582
291
344
645
728
879
328
952
288
259
613
905
29
218
44
909
533
939
136
588
445
216
527
608
817
538
231
351
26
723
690
167
84
1000
369
14
852
680
316
283
833
456
983
609
953
804
500
318
449
507
38
501
978
125
141
813
352
176
559
558
747
229
407
974
796
309
27
94
319
637
165
346
345
129
993
888
174
844
384
139
361
276
970
638
533
555
805
565
288
465
480
865
254
214
121
638
768
847
395
777
159
369
108
957
376
907
743
758
305
701
447
646
499
896
516
457
252
948
381
566
678
750
887
700
754
593
459
797
371
966
222
383
877
169
319
237
283
224
374
122
616
634
361
829
963
858
852
453
637
81
964
77
751
926
981
182
257
17
410
309
253
328
435
336
779
652
367
421
413
148
1000
154
585
516
371
562
364
781
213
51
383
540
454
525
602
880
310
737
520
104
882
624
425
829
982
506
526
75
274
795
908
600
922
687
751
50
851
73
997
158
325
232
914
465
60
394
87
735
889
964
855
262
136
10
292
245
998
77
872
79
328
150
125
569
9
460
160
126
152
741
488
417
737
778
985
204
166
169
207
904
74
365
614
316
804
516
774
391
363
285
893
54
363
280
658
52
289
186
947
318
274
909
427
159
386
246
696
180
348
734
825
940
356
307
352
81
907
134
702
980
904
343
313
520
934
30
421
975
642
248
899
812
21
731
551
621
432
969
60
272
903
381
91
662
768
472
966
125
798
218
844
490
260
681
832
336
206
113
538
391
287
377
921
182
128
19
691
609
989
680
194
767
847
942
54
380
377
586
214
376
698
736
738
128
678
110
883
49
33
674
241
362
727
716
362
638
210
816
454
470
212
760
810
190
949
269
577
363
70
988
653
164
623
141
94
807
353
79
6
207
2
818
136
679
279
124
633
533
47
944
318
376
745
435
74
968
626
944
442
175
752
85
855
840
672
592
288
205
253
60
136
752
830
964
87
480
390
694
903
81
187
936
915
967
621
676
642
222
926
125
659
601
72
54
640
739
770
200
513
342
73
722
964
137
322
343
647
789
770
505
213
163
702
529
201
571
145
939
533
80
505
38
528
613
773
284
77
938
999
238
966
251
436
538
624
897
54
745
786
328
999
170
745
108
402
809
126
449
818
832
220
894
495
435
706
944
879
420
706
932
48
568
806
537
988
373
658
737
899
53
43
252
430
862
919
240
917
529
31
634
508
236
527
380
135
709
16
981
236
638
716
105
323
306
969
655
907
863
665
220
883
566
24
708
141
913
38
317
136
387
540
792
733
51
148
769
471
763
405
495
429
550
836
617
730
618
407
605
40
730
207
116
639
403
919
925
935
460
575
462
734
724
670
561
10
271
421
681
716
219
857
635
91
118
441
86
220
457
968
611
668
719
285
850
844
217
696
373
505
669
678
533
987
419
535
811
953
178
48
662
749
793
398
600
906
939
32
463
969
901
454
93
86
276
919
956
499
949
687
686
44
444
175
979
792
718
10
439
696
716
246
439
943
564
732
150
522
979
649
496
962
218
748
443
127
640
610
356
784
642
81
670
466
763
327
968
14
61
216
375
531
407
115
234
423
781
680
372
182
497
559
333
169
909
394
933
850
526
618
261
39
395
497
95
115
927
477
172
194
724
740
806
352
203
564
896
245
172
384
508
112
894
879
337
379
597
86
840
851
363
425
55
976
602
961
794
8
619
529
921
295
695
222
926
251
604
858
854
928
259
46
732
224
899
319
544
843
748
637
670
240
201
711
616
857
378
953
363
13
766
297
308
311
698
942
339
738
729
323
117
491
132
798
922
568
47
38
546
928
479
592
552
7
857
101
540
745
690
514
242
307
679
831
337
775
251
13
764
892
395
97
165
246
847
391
640
183
404
677
630
2
415
407
519
745
885
978
560
365
701
665
700
114
265
330
15
773
46
321
283
724
419
787
154
47
613
761
1000
43
897
136
485
161
878
522
563
571
623
33
642
18
585
105
758
750
876
565
645
205
335
358
310
135
252
934
143
397
313
180
507
947
437
687
204
617
754
79
30
246
196
799
842
280
215
598
17
731
763
41
935
225
726
767
66
217
49
591
824
158
188
195
683
275
59
626
565
430
893
323
997
862
595
876
320
351
557
130
613
985
199
204
604
178
559
199
744
801
661
496
856
846
506
86
794
261
477
766
751
102
404
770
709
298
964
819
864
183
135
171
166
824
381
254
60
605
587
626
597
596
5
543
213
674
927
60
995
589
863
635
961
776
951
378
653
390
938
973
1
717
905
406
43
965
514
357
971
197
486
303
509
663
103
273
82
22
882
314
287
175
267
472
124
775
876
238
134
223
110
316
592
59
757
183
275
498
501
333
31
881
5
608
397
312
823
98
693
110
170
826
680
181
241
776
867
613
63
559
864
877
912
563
571
2
98
589
506
407
563
892
478
707
566
886
377
791
344
333
276
460
436
332
626
324
125
66
914
90
679
63
17
857
842
659
118
129
553
669
903
669
473
67
883
568
61
392
608
389
550
180
810
181
936
164
169
188
941
500
62
941
97
440
227
534
579
583
484
959
832
349
450
943
542
199
66
952
828
331
622
287
717
899
617
459
825
779
284
30
675
620
687
153
995
885
291
811
629
709
890
639
382
25
498
383
50
366
663
464
254
75
945
858
413
55
908
178
413
5
744
793
629
813
906
502
831
33
265
118
15
314
40
514
902
621
823
653
515
770
672
533
783
6
873
185
591
365
266
456
533
150
747
282
971
775
735
529
939
163
849
729
225
636
987
999
216
295
547
906
586
392
835
610
823
337
777
773
954
463
995
282
273
768
638
872
1
620
101
450
123
549
170
782
327
943
121
334
987
857
887
905
837
393
916
248
773
576
721
935
997
189
968
192
592
380
388
255
228
48
948
416
512
108
285
840
868
981
306
48
899
925
488
51
80
123
343
251
681
614
887
932
172
329
879
715
846
588
695
216
798
508
381
431
679
412
773
832
765
828
663
307
222
644
68
306
992
876
87
644
929
443
398
585
677
249
464
803
263
867
712
236
14
345
475
637
841
573
458
723
668
942
132
470
733
848
541
969
508
723
434
807
719
624
722
560
772
204
326
400
281
29
92
874
312
720
190
514
493
917
762
947
29
984
29
688
794
359
725
17
965
511
564
633
474
387
428
685
727
208
781
60
62
328
699
845
354
893
465
154
490
611
498
441
890
318
339
239
460
581
89
302
179
503
876
871
745
976
769
394
723
878
254
498
71
37
696
21
755
751
385
327
900
159
905
12
695
395
606
643
992
943
854
178
902
640
324
55
956
928
12
395
940
199
299
188
109
185
22
819
488
229
130
784
206
87
175
506
326
723
342
391
768
753
901
1000
233
713
40
906
636
654
700
59
747
756
214
161
439
323
89
955
886
122
798
680
94
69
822
53
87
619
782
671
825
146
204
49
695
992
920
199
663
959
859
369
717
923
928
578
578
765
288
895
508
891
467
699
45
884
288
863
107
179
493
287
469
417
410
723
744
772
248
355
867
286
284
269
212
711
230
940
870
186
209
668
678
438
458
436
203
365
387
123
344
759
984
115
161
348
592
552
38
655
67
102
273
607
728
776
313
384
239
425
507
145
242
718
339
931
24
378
28
570
600
480
755
551
405
513
4
887
582
41
989
823
290
629
421
258
416
887
871
965
639
840
262
896
848
467
113
699
595
841
346
737
773
168
470
138
67
48
132
770
118
749
725
52
111
67
335
722
428
331
534
233
297
408
686
513
513
362
782
480
348
963
128
29
481
683
393
24
99
384
768
407
132
911
764
172
760
684
692
425
521
733
200
191
107
324
788
878
469
488
705
548
892
621
920
755
71
643
429
775
559
127
481
67
878
355
298
329
979
11
384
79
840
755
315
341
462
156
990
534
347
653
310
507
425
881
112
843
861
923
318
621
205
86
320
449
206
867
996
612
724
725
859
916
741
624
437
88
499
861
11
757
324
804
151
324
448
357
619
562
156
105
732
723
398
669
534
592
502
249
216
212
154
660
64
102
655
470
270
695
983
402
848
303
110
740
182
40
725
596
638
724
712
363
548
391
311
391
389
975
445
145
308
234
881
834
637
305
800
714
950
754
3
54
193
865
546
169
855
124
950
682
822
956
717
682
358
261
546
988
795
614
740
948
272
130
215
63
503
290
492
57
296
631
535
486
924
292
291
466
454
43
1000
298
7
473
546
512
561
294
167
588
273
437
366
654
130
191
444
236
510
250
694
954
826
75
540
997
49
427
536
7
396
46
771
218
563
246
769
581
698
116
990
604
123
817
828
807
525
20
13
769
156
585
319
742
590
288
203
27
938
593
991
192
797
708
493
635
181
963
598
172
289
876
323
565
816
923
382
679
323
4
795
822
398
788
966
42
349
313
986
789
630
609
868
478
359
732
614
844
89
132
932
657
454
787
354
262
316
391
30
972
186
648
733
231
554
362
974
866
875
645
180
972
500
409
221
199
897
358
62
494
903
814
282
405
115
83
429
399
206
943
286
502
19
875
343
290
163
289
710
856
113
794
648
850
812
993
96
275
269
774
607
306
370
582
769
103
894
305
9
248
247
958
598
159
278
986
594
65
370
901
949
253
547
416
455
771
633
606
481
913
619
704
332
976
909
367
674
23
973
689
383
132
399
110
280
513
466
890
999
630
357
92
735
968
813
760
151
590
240
227
979
515
977
248
160
444
313
365
211
41
423
145
798
984
401
863
582
965
933
797
932
599
520
831
776
188
116
123
238
490
427
998
391
336
272
176
483
869
169
741
896
599
336
526
822
196
366
740
879
476
426
540
345
793
173
594
882
702
255
924
200
217
431
807
4
244
578
583
89
253
805
422
226
655
85
823
918
556
44
573
828
233
765
622
275
701
790
263
540
677
766
561
226
281
793
361
533
661
812
331
611
858
814
73
640
20
730
325
228
61
767
207
665
672
193
276
836
217
74
191
89
804
850
582
71
33
715
600
255
574
264
764
378
608
270
575
946
674
351
286
31
825
26
429
773
589
892
601
672
798
100
549
908
362
523
290
332
975
936
173
300
862
595
966
728
674
167
400
357
321
498
125
86
44
534
776
718
577
788
161
986
322
776
332
108
806
38
197
680
162
663
413
307
607
91
845
552
285
59
605
482
321
666
861
612
890
498
206
278
891
950
417
635
179
506
995
310
805
978
103
626
80
435
459
199
119
804
12
574
805
379
952
985
426
542
621
347
661
42
653
793
35
738
522
528
91
483
114
631
375
302
469
517
12
580
130
726
336
830
56
252
627
152
879
9
379
964
65
621
966
56
450
440
718
746
985
925
364
907
47
868
351
91
888
328
314
597
162
945
418
155
469
968
505
217
858
44
578
81
973
237
109
311
852
841
48
629
783
419
927
224
644
900
103
200
348
566
170
132
776
583
713
463
30
1000
378
346
54
272
340
457
286
937
324
971
551
667
531
803
353
884
105
899
84
374
652
487
207
791
468
669
142
605
415
611
682
858
828
727
657
937
407
727
557
376
932
27
764
963
747
799
911
333
857
283
245
785
559
596
74
749
143
656
923
190
475
225
478
837
614
760
39
611
848
203
124
844
238
755
258
738
398
708
250
313
58
56
616
159
645
605
75
983
912
164
938
207
237
158
123
174
20
635
324
472
171
474
957
616
71
2
87
271
367
190
734
877
746
470
611
29
459
368
993
675
926
326
927
443
857
892
615
557
612
977
630
340
589
958
641
460
696
712
408
499
79
576
504
503
260
843
690
832
255
519
905
492
393
44
679
167
676
489
313
730
956
589
222
273
838
876
872
806
770
68
870
220
949
504
704
416
322
798
903
571
355
211
254
128
25
790
886
156
942
913
797
314
106
671
461
328
247
661
661
780
782
789
803
5
554
810
1
964
819
215
99
519
518
25
470
905
472
832
611
597
773
788
508
860
39
229
556
684
876
481
214
763
436
836
313
482
288
779
505
879
565
712
817
665
515
937
136
305
325
570
228
827
106
969
331
171
317
655
858
748
604
618
587
600
838
286
699
523
469
439
746
48
638
801
900
195
582
251
421
56
392
786
836
342
147
899
698
343
859
577
465
988
453
156
966
959
646
331
817
624
74
98
362
687
226
734
506
524
699
506
679
613
476
767
977
834
294
607
289
915
669
146
602
398
6
336
926
934
833
217
4
700
180
322
995
329
345
588
880
777
487
762
129
492
587
824
112
998
704
802
547
668
376
504
524
403
549
787
968
196
471
873
58
79
946
222
406
205
598
132
561
284
265
101
276
672
653
750
751
448
651
204
664
549
651
958
532
748
720
574
771
850
36
964
117
84
631
246
276
481
487
114
981
466
226
608
472
170
758
86
465
978
602
312
404
66
1000
924
493
72
364
452
780
826
513
292
82
690
985
235
580
535
247
748
874
277
410
233
374
270
543
520
777
396
934
565
323
398
797
587
747
79
441
823
24
549
493
946
194
397
221
569
64
972
498
227
634
630
806
724
253
475
346
469
459
858
3
11
15
517
471
385
429
678
373
174
926
620
700
598
565
104
437
321
887
733
575
191
557
553
496
481
298
84
959
894
315
570
62
94
439
527
464
394
405
199
867
591
803
608
508
761
254
582
712
76
880
372
503
377
31
729
133
641
603
802
44
468
849
55
641
183
118
732
715
365
21
16
748
683
169
798
387
467
200
463
185
179
563
569
943
181
920
734
829
611
607
87
658
39
613
705
338
973
152
128
323
570
326
951
523
448
386
688
481
293
200
15
59
220
223
690
86
261
908
329
273
948
137
867
860
402
946
159
797
226
264
32
142
344
706
334
744
394
649
567
745
466
735
895
799
319
557
742
999
706
124
347
147
958
312
76
726
480
860
624
222
701
986
156
35
647
89
990
747
245
652
316
817
836
34
981
772
749
919
859
929
785
73
91
165
382
710
381
977
261
235
369
878
904
226
823
878
140
765
932
849
132
372
66
75
895
789
624
718
202
214
761
330
111
543
626
656
950
476
109
628
279
537
208
686
354
735
72
29
761
519
937
942
953
250
193
492
110
378
86
619
447
662
86
154
524
388
863
69
758
444
823
581
788
949
111
264
928
898
71
482
442
537
646
602
44
756
72
423
306
194
980
86
763
580
77
629
162
997
213
155
692
204
94
482
657
35
143
823
648
473
340
720
2
439
482
2
722
540
247
967
187
468
187
177
422
90
386
916
450
899
903
510
644
199
402
150
766
513
194
912
635
944
172
19
131
6
359
238
815
713
471
261
44
705
914
539
972
841
39
221
666
697
677
859
751
985
576
358
714
431
207
363
985
564
537
193
330
802
340
614
298
661
32
905
859
533
383
644
228
762
506
308
262
190
660
621
128
20
464
115
578
226
486
115
87
954
946
794
206
958
519
280
494
306
19
969
502
391
814
78
455
299
276
460
511
661
779
223
731
446
935
779
106
572
61
672
678
913
423
90
872
692
920
766
716
448
631
555
714
853
241
309
307
501
917
302
672
995
65
503
718
726
192
428
451
93
421
786
689
875
350
423
442
949
574
518
475
460
861
945
771
97
806
11
496
219
50
343
603
612
207
401
584
503
554
927
796
353
115
637
430
894
160
457
323
191
627
85
668
514
298
74
822
41
596
108
698
785
530
108
778
228
723
18
38
356
86
220
684
792
41
913
12
541
779
213
889
861
74
615
615
864
954
345
480
456
798
800
647
905
575
452
806
797
827
345
492
732
721
604
81
210
154
846
350
92
460
817
655
736
226
777
731
275
572
30
180
162
475
354
584
250
693
39
475
714
22
2
401
557
994
412
587
488
741
267
549
963
589
706
958
916
711
229
478
945
913
917
34
455
90
818
376
818
842
486
942
845
31
449
338
468
851
371
550
831
582
788
131
950
395
994
159
237
641
440
747
669
965
867
545
519
570
269
652
383
489
189
48
577
658
310
673
830
721
292
529
631
385
549
85
7
744
23
274
513
696
804
256
551
673
107
800
564
375
168
123
94
872
956
25
702
607
528
325
145
387
314
927
27
331
493
168
688
221
610
390
588
743
706
47
571
487
666
168
549
878
307
562
967
252
228
818
536
719
105
227
769
473
543
673
147
768
243
212
271
30
375
392
880
814
896
517
790
280
266
491
887
760
731
687
536
618
369
631
89
515
565
138
160
430
997
536
821
285
522
280
373
740
399
335
643
955
687
975
973
334
209
97
354
169
859
764
345
889
67
226
175
893
407
985
397
594
365
851
240
263
373
295
621
911
796
100
931
895
572
663
510
668
779
460
510
376
839
634
338
219
837
963
404
702
344
640
461
916
832
507
969
244
408
180
880
641
753
140
389
899
908
397
133
318
785
397
546
699
239
751
287
31
276
721
974
202
138
824
21
807
986
149
342
378
563
613
77
746
160
954
4
412
408
886
175
524
752
989
472
384
455
647
24
719
985
169
200
213
331
713
530
828
913
932
646
457
823
811
138
806
476
641
873
989
966
574
451
966
46
675
651
447
677
582
397
170
804
85
918
923
179
754
629
120
647
437
242
78
516
114
272
649
4
158
315
252
456
682
183
648
519
965
373
583
960
682
778
89
563
214
380
480
539
496
664
639
188
925
176
941
783
594
97
757
292
565
610
808
478
175
496
624
712
976
130
914
70
813
520
415
963
346
634
959
931
797
348
774
738
340
819
900
739
564
693
607
177
740
774
310
236
963
889
162
156
558
283
839
209
174
842
973
776
735
417
561
861
126
551
105
669
281
20
350
500
322
270
115
353
166
175
680
322
440
223
47
172
46
106
817
759
867
458
874
123
785
844
523
238
934
395
68
195
484
956
123
604
403
779
96
940
987
431
618
269
554
992
923
935
384
205
676
462
752
613
31
246
614
600
611
371
800
379
953
360
690
850
550
799
349
969
781
180
852
979
233
631
887
198
971
92
772
173
195
4
954
916
1000
350
162
470
688
165
523
743
605
400
390
336
170
128
762
468
277
391
380
90
361
862
685
980
163
484
735
150
776
155
329
224
527
309
107
226
712
177
971
594
450
820
328
558
720
970
331
733
129
322
461
753
604
340
523
885
647
154
95
462
592
442
741
784
989
930
465
634
738
359
698
92
151
139
616
294
545
659
32
965
94
506
52
831
989
633
600
807
916
191
255
842
914
132
673
618
190
982
631
66
23
187
361
37
403
707
926
58
77
223
41
767
724
386
97
635
351
574
379
235
2
340
244
992
941
923
278
342
407
718
723
242
172
750
720
602
993
487
866
767
711
483
164
718
321
744
244
381
163
20
137
171
611
511
112
34
931
108
381
948
773
861
285
570
44
452
505
30
890
724
25
111
831
136
499
671
661
158
101
632
306
290
115
840
970
733
567
265
318
991
316
563
500
704
274
990
448
210
149
410
486
779
602
81
558
696
367
529
737
278
749
900
608
472
264
999
796
40
884
35
389
450
916
911
631
293
577
236
396
255
301
998
655
31
750
753
919
440
767
161
526
322
44
535
196
112
349
536
587
158
659
636
196
692
491
174
339
383
897
339
164
391
770
542
956
253
726
534
888
914
522
439
50
385
395
373
50
687
198
88
170
209
186
819
688
220
504
55
279
666
901
819
595
371
40
664
839
912
98
38
709
762
334
765
288
930
68
554
723
122
267
502
102
203
995
938
638
913
927
302
912
349
759
975
719
178
202
165
525
177
308
552
711
58
511
795
389
224
312
578
998
877
746
614
469
669
860
47
578
853
32
19
798
455
935
778
190
193
488
370
71
117
648
645
980
996
918
917
65
342
767
857
384
40
401
333
703
813
485
967
500
403
41
480
622
616
722
298
943
202
447
169
82
347
154
394
319
458
791
620
178
469
223
861
254
783
461
453
751
405
638
502
316
72
159
287
523
501
350
359
726
744
248
661
918
803
982
299
886
31
562
756
88
823
998
939
560
367
247
369
467
298
890
1000
462
345
76
712
217
93
250
481
147
992
194
903
980
555
236
724
138
366
751
311
678
333
753
453
586
284
439
202
221
22
917
270
693
174
710
771
337
184
3
303
213
496
736
524
602
586
186
730
209
445
835
402
68
267
130
487
167
933
569
645
780
708
80
580
160
925
879
247
478
433
844
992
277
782
492
199
124
407
546
258
424
980
926
623
321
899
997
254
634
378
509
635
540
826
638
155
171
598
215
693
3
368
439
690
972
201
671
198
61
221
22
222
185
844
583
302
315
146
47
479
66
485
204
918
84
587
52
764
556
322
924
925
859
314
809
980
894
498
980
895
710
152
852
636
375
637
241
389
589
837
30
640
678
652
844
348
370
925
561
461
666
946
288
841
822
180
3
887
148
749
574
625
365
408
533
671
581
620
101
380
814
151
437
598
613
119
123
993
899
721
878
558
925
71
987
850
670
175
591
101
491
982
238
522
559
53
646
1
258
478
805
568
782
851
206
779
600
801
723
916
820
242
538
182
227
910
599
30
204
440
425
947
772
970
97
526
835
603
764
212
199
973
755
324
387
367
966
743
899
223
870
457
443
486
855
96
655
673
174
920
868
94
805
102
46
982
407
895
715
655
479
877
920
415
514
782
239
439
26
856
972
877
179
481
120
343
775
426
435
491
437
64
468
569
451
116
70
865
42
945
354
420
517
775
257
841
24
634
920
209
104
712
111
228
387
563
220
997
266
6
132
378
187
319
507
405
819
162
226
624
627
407
596
687
970
412
327
847
382
169
23
963
107
882
469
617
829
920
956
229
451
832
481
490
793
336
431
423
954
882
968
962
512
588
447
435
111
942
604
962
1
10
138
42
528
792
284
80
281
627
692
319
305
82
320
616
924
70
497
540
139
228
499
355
731
268
884
949
970
46
625
359
522
211
979
480
22
478
123
715
381
924
773
712
432
264
405
662
710
893
755
921
222
994
967
780
897
294
759
581
335
554
309
443
745
796
156
778
638
255
183
249
814
996
823
256
319
375
836
68
509
156
143
501
335
395
915
262
994
666
846
726
174
894
806
916
953
46
835
622
303
720
953
607
726
178
127
193
939
34
963
737
359
231
265
315
130
396
800
157
628
374
759
859
314
367
250
492
904
691
846
803
738
519
47
349
851
416
213
57
756
256
910
721
696
882
583
423
574
530
663
950
180
513
903
849
436
736
201
894
154
402
545
148
718
57
49
21
363
304
50
385
372
269
194
7
829
982
926
761
795
335
346
288
101
725
122
248
801
925
269
557
340
80
338
30
174
6
924
338
193
96
475
936
860
602
334
308
290
807
84
218
622
147
27
584
606
805
688
389
555
657
875
18
664
299
559
138
226
983
230
778
645
133
266
296
867
801
157
935
979
61
384
558
245
621
655
109
512
647
580
337
81
997
589
2
644
910
648
508
448
216
809
947
811
828
694
213
632
187
584
762
353
701
665
672
736
181
176
516
940
107
682
521
142
818
727
221
872
494
104
690
191
630
138
594
636
403
533
93
170
599
560
551
197
172
847
631
333
573
342
112
491
446
925
540
851
82
100
774
692
969
403
659
568
415
476
28
51
355
558
638
29
778
211
400
657
242
749
675
10
949
449
906
283
541
378
841
992
860
910
766
684
810
229
996
933
846
537
340
936
402
211
98
159
296
159
63
393
309
45
607
786
849
670
443
127
419
88
156
944
112
633
403
887
882
448
136
433
840
643
802
800
565
52
177
838
645
598
55
736
239
268
644
189
575
124
671
489
736
746
76
712
16
570
522
555
183
949
733
168
218
276
143
668
873
991
75
989
384
418
401
968
770
766
436
455
391
632
902
817
141
317
405
568
392
73
259
984
250
76
892
290
688
134
770
513
818
219
340
715
633
282
736
185
679
478
420
207
929
674
469
287
643
257
60
276
725
624
905
202
357
158
607
603
430
131
233
191
339
494
244
493
641
298
109
902
493
777
621
233
540
351
635
336
29
636
21
851
536
396
377
576
608
421
556
139
821
665
586
28
448
913
497
199
415
212
497
654
231
297
476
567
905
342
293
318
397
774
648
650
893
447
3
193
488
725
196
99
619
480
691
813
393
94
866
716
792
735
213
379
436
496
769
177
401
283
934
147
878
411
314
141
301
905
502
747
713
816
574
231
710
691
78
238
439
132
63
873
907
173
953
376
505
604
100
582
829
748
949
563
424
932
941
549
136
559
955
370
613
100
191
769
984
57
922
611
747
455
797
112
945
516
310
823
286
14
508
160
175
878
21
611
774
654
74
13
156
637
563
846
407
587
783
113
214
205
813
90
371
637
157
686
837
654
629
840
861
863
535
856
789
195
633
813
324
925
5
618
596
4
419
541
675
15
165
611
180
970
496
455
658
789
991
539
839
43
94
893
35
815
841
401
366
70
958
289
620
210
706
564
287
137
98
188
31
257
244
262
316
911
875
422
555
83
209
876
180
431
604
941
659
93
228
737
419
110
359
212
459
868
441
988
93
729
337
769
766
829
182
871
159
857
597
337
283
640
385
467
10
82
650
132
872
362
256
937
947
485
905
478
940
419
721
964
612
19
217
29
520
803
851
963
344
643
666
348
799
737
81
773
68
984
767
402
423
945
240
922
1
638
622
270
790
288
573
987
988
917
681
603
753
402
322
863
336
177
279
470
187
169
693
922
76
527
695
233
823
265
242
273
529
709
248
34
336
615
438
930
114
657
938
193
351
883
555
256
990
51
45
119
5
639
508
867
87
833
777
214
975
246
347
112
284
764
262
621
997
69
62
2
181
801
916
428
997
330
976
188
881
753
135
213
562
324
673
657
852
741
261
98
223
836
523
445
678
445
905
862
281
721
363
384
856
322
799
109
151
784
642
860
374
312
821
606
292
682
106
23
606
753
487
514
783
890
128
520
277
742
401
423
473
544
870
104
598
868
455
975
297
916
155
635
805
687
992
200
421
769
324
590
23
446
708
326
230
836
897
1000
425
566
965
464
344
341
626
339
353
95
924
87
619
251
529
913
498
56
857
684
823
28
424
913
579
335
484
693
735
697
394
670
668
341
12
27
919
232
407
191
115
953
641
89
124
345
811
532
277
871
571
187
764
300
566
70
106
747
646
556
198
973
976
353
121
216
324
557
640
692
34
518
999
282
224
988
813
442
612
890
413
321
828
434
615
271
540
493
651
578
274
930
557
659
45
392
413
81
285
296
849
979
230
145
420
482
661
752
349
466
211
590
849
563
287
308
619
964
527
712
350
402
514
654
898
550
966
139
953
128
320
157
850
869
887
759
526
287
790
1
263
260
319
275
994
911
976
122
429
837
939
222
277
495
335
787
550
75
216
29
675
717
797
223
114
845
893
15
391
605
836
827
228
178
751
632
480
227
491
697
621
207
951
933
574
335
876
832
678
393
744
977
384
154
471
507
753
131
721
143
17
839
210
626
224
93
819
273
881
306
26
831
475
555
59
813
33
961
320
77
203
817
542
552
4
697
483
624
470
887
94
121
229
213
816
269
176
237
114
665
196
266
338
635
544
335
584
584
89
543
956
157
666
945
799
293
215
364
857
190
669
288
493
775
445
72
65
209
860
17
829
638
273
132
16
588
6
30
826
691
152
48
789
110
661
878
997
752
932
737
878
621
159
302
457
720
205
749
890
196
325
592
195
61
740
538
714
864
546
243
196
976
884
65
786
843
821
8
722
900
638
505
479
539
641
989
378
217
294
956
247
115
499
850
738
127
502
826
553
181
847
912
663
762
397
994
814
612
118
276
371
295
609
338
522
83
879
408
237
262
540
769
511
908
856
381
595
572
652
976
824
765
73
960
853
911
253
217
946
380
511
962
751
411
436
839
723
526
34
482
802
434
994
452
921
636
891
743
674
269
153
398
632
296
369
246
619
391
44
551
788
722
37
618
496
846
306
380
749
739
154
523
964
219
150
267
247
393
902
232
468
228
387
220
166
656
309
885
771
195
324
56
119
155
430
182
87
158
372
944
234
510
482
375
81
459
727
55
916
189
968
183
832
854
478
51
125
827
419
599
368
392
371
269
779
79
668
714
108
860
952
164
461
950
952
483
417
236
805
578
356
483
816
12
267
564
255
198
234
660
6
325
868
837
367
437
611
272
116
991
163
879
396
359
891
489
530
543
20
646
125
926
513
938
959
438
365
300
635
72
458
306
293
194
535
340
58
436
861
59
947
38
532
337
763
362
303
690
706
917
442
866
54
883
235
300
432
487
843
385
356
813
207
653
221
963
12
703
661
868
107
213
202
500
333
463
280
891
664
775
147
679
323
980
153
505
340
459
564
944
424
409
776
196
798
399
789
898
731
267
330
158
644
949
413
914
942
554
298
753
988
204
188
334
947
431
919
446
489
285
220
950
8
810
257
901
374
961
274
857
260
630
251
983
457
102
728
888
772
505
162
1000
659
555
268
503
961
76
867
836
365
857
535
144
242
90
444
54
419
759
604
997
565
256
876
903
242
612
1000
909
362
796
426
527
578
532
22
781
921
455
664
60
572
626
992
724
6
6
290
630
275
435
242
884
313
292
704
732
708
405
575
25
134
888
159
165
244
460
963
155
236
368
870
159
495
860
115
414
195
491
883
211
867
310
978
986
520
794
356
970
598
908
836
308
22
866
797
478
305
111
462
456
429
847
720
132
768
682
424
734
607
778
63
893
885
183
437
707
100
697
979
954
684
529
80
210
832
760
69
601
951
961
431
40
549
120
426
139
75
113
447
959
163
587
595
48
587
334
592
542
767
182
97
207
507
5
500
734
39
388
151
548
782
647
838
117
845
809
158
468
115
239
6
835
600
465
395
440
676
556
347
448
197
222
922
324
182
912
132
504
613
478
734
268
651
666
335
367
249
896
615
193
409
917
187
361
957
269
493
645
95
969
576
279
926
475
340
173
886
214
715
455
758
686
338
13
468
866
287
249
305
281
732
989
907
493
218
602
272
858
382
916
816
15
203
280
944
800
1000
38
261
407
807
490
440
556
750
50
931
833
418
46
326
815
376
80
147
523
19
974
803
845
657
587
420
380
344
761
903
744
835
645
463
115
389
306
551
312
517
463
617
837
587
473
858
913
246
392
574
620
83
636
363
94
62
824
260
446
330
172
372
696
777
564
508
431
584
666
950
15
473
810
724
357
157
599
344
5
582
763
457
932
671
582
542
378
77
234
768
152
273
824
98
46
983
149
800
114
729
107
198
824
700
8
619
809
787
53
582
710
716
457
245
39
519
693
329
131
795
973
589
3
429
942
758
608
130
603
50
446
970
829
277
259
798
546
181
961
649
921
822
695
140
395
54
44
338
135
600
202
536
748
551
225
167
930
496
553
846
256
876
481
396
101
565
917
245
326
6
131
957
778
47
940
975
53
868
489
804
898
248
410
77
289
91
285
549
86
770
988
48
719
581
254
381
4
442
452
72
184
938
459
133
605
663
90
971
887
9
728
874
367
719
847
455
36
760
122
237
942
406
444
678
348
584
843
718
946
203
562
996
238
710
526
36
554
920
565
168
555
380
270
47
808
157
453
668
508
70
754
168
974
13
560
255
404
141
913
478
188
178
453
241
48
644
510
82
791
360
190
381
112
534
28
66
11
291
39
377
429
704
881
238
741
778
77
80
944
127
843
737
451
193
95
782
732
261
861
185
739
64
601
639
173
253
213
99
150
478
678
677
899
123
875
27
652
982
373
509
779
184
436
826
951
71
158
976
141
981
39
726
985
776
760
647
964
230
863
50
120
148
994
573
313
916
730
227
372
447
13
610
159
534
703
650
372
718
62
448
651
24
89
521
692
833
58
582
437
927
590
890
244
655
815
251
231
637
765
827
193
137
228
852
857
16
769
531
584
652
20
216
502
373
880
222
930
199
152
50
700
928
692
841
283
886
636
694
128
656
488
678
425
164
562
892
733
57
221
238
139
278
175
998
585
590
523
92
880
60
720
739
664
444
4
909
875
70
512
209
14
810
930
259
977
786
770
211
389
778
85
239
193
199
185
631
968
417
949
796
228
428
520
362
464
245
450
906
358
33
16
419
248
829
302
625
902
79
906
866
425
567
322
739
44
504
431
842
457
757
265
428
577
529
70
897
593
94
868
557
840
412
705
807
289
411
216
283
488
521
143
508
258
956
514
739
144
268
281
112
566
935
269
972
858
533
70
114
398
550
737
936
282
333
342
964
281
873
609
404
501
632
278
957
238
184
61
378
793
692
352
797
795
432
510
868
980
656
763
327
91
576
738
884
476
528
522
823
779
446
473
856
328
519
628
190
140
339
411
668
542
385
711
422
928
349
558
744
624
51
571
644
867
885
788
978
892
633
267
346
40
894
64
487
639
87
188
507
485
908
578
161
792
565
227
731
751
722
29
538
859
79
754
750
319
547
304
956
527
325
827
237
110
905
503
649
298
290
466
808
673
757
442
960
197
835
236
921
711
257
473
386
448
128
695
763
109
107
799
223
611
962
237
626
142
171
697
107
748
70
962
93
843
468
292
383
57
342
705
976
562
929
165
855
111
370
983
475
831
450
269
108
374
72
537
134
947
453
995
928
31
273
549
775
338
261
776
397
668
177
928
670
299
101
14
210
987
973
670
564
934
939
385
759
709
668
674
983
769
146
896
860
552
805
391
651
800
459
236
573
21
500
866
370
95
152
539
337
435
367
910
931
435
499
356
100
353
232
73
285
901
700
858
666
911
191
968
484
582
108
850
694
913
655
990
25
656
790
618
78
505
676
71
947
519
332
60
350
910
846
391
146
605
527
977
90
813
945
51
177
336
228
969
879
141
674
379
827
394
737
353
776
6
757
736
193
151
704
184
305
489
684
171
872
113
562
986
707
63
557
214
921
558
768
843
701
987
412
825
988
598
57
132
469
198
400
269
711
826
857
250
806
198
897
489
259
674
199
872
572
914
523
792
762
713
71
799
480
12
51
445
808
352
450
117
377
508
144
819
442
612
201
202
710
981
673
450
441
910
942
39
445
851
492
509
50
803
945
525
690
716
29
343
761
648
7
161
962
886
464
445
344
634
750
560
835
629
812
731
28
914
667
367
116
512
291
649
174
532
962
648
636
521
477
665
775
244
756
643
959
433
433
938
166
493
989
835
787
429
599
737
171
550
650
42
932
583
947
363
66
954
444
452
812
840
773
887
989
279
328
405
972
737
193
880
782
430
849
370
937
75
433
13
689
6
924
832
466
11
569
722
490
63
739
706
842
762
463
117
251
301
650
463
723
558
515
919
300
52
781
548
131
513
198
575
891
152
932
947
153
146
66
61
427
72
121
116
346
895
898
350
314
239
565
911
436
964
658
144
673
352
313
109
466
103
997
460
462
16
990
543
323
701
374
671
717
388
883
396
152
849
333
480
321
191
980
601
183
375
144
39
954
465
635
564
600
678
337
189
653
156
872
977
338
545
538
928
910
428
778
887
426
685
980
42
508
127
495
624
85
194
925
811
54
460
883
116
102
171
820
118
463
658
563
532
773
525
450
273
396
417
410
895
815
725
782
239
442
218
725
350
330
736
929
967
667
506
715
218
625
542
267
235
27
708
502
844
241
273
27
638
886
306
340
618
82
839
660
376
531
587
270
310
482
568
493
727
417
592
902
447
768
915
576
653
141
801
963
747
662
691
440
845
969
810
219
699
768
458
529
838
700
143
685
471
182
853
609
876
396
681
986
40
987
374
380
447
651
488
419
760
654
553
857
74
624
597
60
569
234
866
175
956
378
738
367
760
393
880
291
240
7
215
329
762
708
223
405
532
992
321
71
656
520
766
566
765
800
750
815
656
502
817
352
29
778
887
705
960
307
474
462
387
596
746
15
822
640
874
968
276
503
262
901
202
606
765
129
933
940
317
813
356
206
436
361
965
497
272
151
836
274
34
5
335
442
477
486
63
42
463
853
659
146
386
305
873
72
435
271
573
654
283
524
723
817
469
85
447
979
124
536
71
982
841
873
441
435
55
793
11
754
729
205
322
491
675
533
683
639
473
348
113
207
921
234
575
928
831
430
470
470
57
597
115
443
599
195
248
153
486
720
665
81
63
358
454
225
611
924
134
912
596
155
492
910
551
786
739
909
515
614
555
454
883
392
966
283
430
366
920
429
20
410
68
450
260
515
532
868
23
688
301
835
628
669
662
260
23
430
945
119
871
987
842
946
544
264
371
66
637
211
208
819
774
312
782
546
77
504
86
540
102
857
431
514
539
967
577
219
837
184
543
940
826
989
693
4
147
761
693
32
219
137
520
295
786
33
601
499
221
461
495
193
757
103
322
646
955
547
849
60
560
617
651
723
201
175
824
725
495
450
467
992
68
309
68
824
933
146
744
415
702
340
336
877
322
177
2
322
735
815
958
199
591
809
516
519
650
829
457
960
250
985
82
328
940
826
65
823
261
329
824
612
5
464
196
681
986
748
427
466
698
632
767
699
339
756
579
865
417
278
950
549
16
483
669
7
765
689
785
306
250
97
544
195
523
422
851
408
936
566
270
751
945
271
706
898
191
588
974
56
469
697
678
601
735
827
390
649
349
927
900
345
740
304
747
17
526
797
169
189
11
898
149
31
473
605
903
672
71
251
45
960
116
526
806
588
894
14
505
447
533
109
586
620
104
551
329
677
49
43
7
995
911
362
930
485
243
874
738
621
641
763
377
28
873
591
821
827
554
172
797
621
926
244
443
63
109
229
606
146
488
859
586
51
286
830
912
698
177
409
807
735
110
91
146
296
316
441
670
662
498
712
141
204
987
519
960
588
828
865
618
549
369
359
860
255
414
559
759
214
749
312
952
708
629
908
889
40
833
921
332
274
122
866
667
409
816
73
735
687
976
993
261
114
459
3
795
427
708
344
935
578
2
822
468
505
327
419
301
166
488
315
319
287
161
335
393
444
60
601
672
209
783
366
657
911
513
492
345
240
819
682
661
614
154
317
965
242
213
196
579
912
321
311
865
826
3
469
766
300
94
229
487
463
962
248
464
466
190
586
898
841
984
998
736
900
886
400
860
625
33
173
737
471
162
269
196
482
2
746
160
165
148
184
744
294
59
537
721
471
57
836
642
973
859
1
773
95
84
141
545
135
973
60
498
116
584
368
575
893
766
257
796
815
296
254
901
698
780
297
329
426
484
227
256
250
242
84
860
436
498
343
517
422
198
413
814
542
229
641
266
70
614
6
545
856
917
536
320
851
209
774
83
936
315
784
217
485
197
564
437
807
19
592
707
423
908
556
29
822
293
678
494
542
303
268
564
571
340
603
451
396
574
69
256
416
400
772
642
997
779
789
671
955
860
72
70
874
686
778
736
351
58
419
889
886
809
909
126
490
729
39
143
283
589
866
998
443
208
111
481
818
251
906
416
146
344
344
3
805
91
906
737
902
505
832
426
710
243
401
133
326
358
778
515
135
608
471
495
142
318
337
949
301
412
678
970
491
83
575
261
234
791
145
892
358
212
49
963
7
377
776
844
235
291
64
638
483
735
241
373
199
850
576
176
515
197
921
704
635
900
92
633
148
4
626
238
816
766
543
750
929
137
349
930
938
162
614
292
890
533
620
819
470
406
541
682
498
290
167
678
893
636
822
486
517
235
908
205
911
356
83
599
720
822
483
773
2
179
605
969
554
221
557
653
883
504
777
958
551
223
128
305
59
708
928
272
580
718
699
338
161
912
44
54
676
467
169
300
974
876
272
578
536
779
499
497
28
560
766
202
776
756
351
686
716
367
383
54
352
190
143
339
954
383
496
345
728
873
568
886
156
323
352
904
427
320
80
281
701
838
342
588
161
763
710
169
254
52
27
293
291
667
991
324
434
254
18
127
154
994
448
886
171
542
117
560
858
909
106
854
720
396
978
262
518
346
93
316
918
404
911
225
404
201
592
418
86
727
348
517
11
396
427
592
385
978
262
38
533
630
285
917
771
152
80
999
399
828
794
421
909
648
942
63
686
492
688
342
1000
799
499
768
139
638
551
882
585
586
905
770
324
569
98
451
131
774
746
311
879
707
36
329
479
959
145
514
579
984
155
714
296
57
729
192
39
717
829
103
797
732
589
344
550
458
737
4
613
518
783
66
491
820
514
547
207
340
913
85
901
534
972
820
411
82
259
14
226
913
606
53
712
657
151
181
808
89
427
725
100
22
949
166
321
940
879
695
761
146
997
795
280
486
589
858
598
217
251
952
50
698
721
630
258
407
828
408
85
997
541
796
258
445
921
440
263
349
584
612
575
506
670
374
411
275
794
642
769
821
544
138
628
314
75
275
365
840
139
946
709
804
450
793
363
4
798
862
63
408
637
116
255
348
49
418
917
654
487
628
666
449
828
568
171
15
981
874
182
347
304
30
36
962
947
350
429
564
613
790
237
704
747
677
949
532
143
187
661
724
927
786
317
641
421
970
498
542
182
439
701
251
133
909
434
956
666
118
989
368
909
228
296
218
853
474
924
614
847
582
94
469
782
655
762
912
429
959
179
505
430
155
324
884
85
75
706
69
990
794
135
943
303
634
945
302
601
625
46
676
931
646
452
797
921
143
656
760
26
638
370
637
669
865
244
27
394
51
507
725
888
345
935
993
266
14
412
987
978
331
548
944
64
70
110
334
547
29
474
949
395
197
150
299
762
532
642
962
803
645
653
910
42
985
229
236
802
120
416
196
671
320
207
314
391
891
408
347
422
803
484
603
898
924
953
398
500
739
162
37
354
677
256
22
474
233
673
456
863
683
13
700
898
404
835
42
338
350
120
199
167
586
516
655
346
405
184
671
378
888
878
803
141
828
506
840
863
339
608
548
5
152
480
429
561
474
561
569
759
269
560
557
630
247
579
393
196
10
593
125
342
866
949
818
343
502
639
88
651
640
74
629
238
293
297
215
982
287
126
628
919
77
804
732
103
189
898
783
188
499
770
991
745
75
543
134
932
303
636
685
231
525
365
771
778
628
238
466
81
484
989
219
427
953
690
843
368
856
677
152
501
686
502
899
770
349
813
851
924
271
179
610
419
425
640
872
781
926
466
950
768
600
859
405
449
513
54
612
501
659
267
674
444
596
462
299
353
641
194
871
904
704
746
567
457
783
559
135
910
908
273
275
718
167
44
472
129
576
998
297
112
252
226
351
786
22
41
846
97
913
776
402
166
157
877
195
628
429
209
481
134
76
408
782
712
585
649
530
140
330
945
326
434
473
481
767
921
207
900
300
852
785
810
123
504
177
625
162
647
528
791
635
460
257
733
856
854
308
33
636
77
440
668
844
693
929
881
56
551
456
729
698
753
628
163
796
858
781
750
667
979
328
355
638
393
980
194
501
798
215
392
931
912
792
786
206
640
888
915
659
301
570
956
520
419
164
560
544
415
732
817
210
980
785
919
330
833
612
543
576
686
203
48
230
6
251
739
247
692
214
108
684
794
301
280
845
984
446
575
388
790
866
827
457
217
996
323
728
407
335
273
360
143
158
658
433
139
448
805
742
150
819
464
403
133
508
324
110
111
201
614
881
198
196
807
491
593
77
348
703
383
781
677
467
596
785
131
329
969
570
211
631
247
545
121
125
316
978
442
265
1000
90
625
76
161
527
596
915
17
867
105
395
703
64
195
920
980
594
186
898
917
75
297
590
841
747
803
780
492
394
417
626
366
266
319
805
7
21
529
53
533
695
491
689
546
705
439
160
895
126
87
908
574
416
782
37
673
290
918
860
953
534
362
317
533
358
234
924
765
552
178
951
799
287
597
862
298
822
770
87
676
868
117
847
68
714
888
146
876
508
910
672
392
446
120
957
715
806
490
103
580
672
870
282
877
601
389
433
125
159
397
569
244
216
55
879
646
902
146
844
731
597
556
84
858
47
104
784
28
876
175
617
870
744
426
202
580
87
416
564
718
966
960
914
8
412
273
753
459
42
799
541
663
469
275
751
735
792
274
121
81
107
133
542
183
294
927
573
841
247
311
686
335
638
805
858
222
777
3
215
245
758
139
489
221
587
69
368
81
885
538
955
521
61
902
989
757
551
884
625
463
990
949
428
520
875
341
761
665
616
576
594
694
659
712
288
563
470
878
639
181
189
223
728
349
191
805
660
287
541
518
997
619
5
86
296
843
751
125
358
364
612
26
211
290
276
416
873
882
22
45
713
299
305
130
430
812
209
412
536
808
480
447
150
974
254
924
764
243
416
425
43
889
30
537
807
249
629
899
142
948
631
723
406
366
742
143
802
837
395
300
601
675
465
551
742
869
677
948
970
317
450
401
377
321
378
809
928
105
359
423
855
861
318
811
468
363
428
171
635
34
709
698
411
328
416
799
554
544
562
208
219
373
645
200
844
558
740
476
900
94
7
927
483
694
260
711
799
109
277
290
44
91
100
878
490
962
615
918
763
117
15
605
102
858
259
277
995
5
564
790
968
171
338
659
121
308
722
851
159
422
518
385
569
783
929
769
914
858
619
192
893
270
671
518
49
461
47
128
177
714
48
281
984
268
783
806
358
955
55
643
641
295
859
201
407
972
911
46
322
795
728
476
467
597
345
488
626
731
353
99
313
362
969
943
95
103
590
180
738
611
402
75
230
316
194
981
883
67
827
634
978
12
294
641
623
492
220
432
401
170
67
993
432
559
490
249
110
723
530
361
27
520
897
324
416
845
719
543
59
290
634
890
19
125
840
969
178
413
612
576
332
36
396
683
842
285
99
679
776
337
151
875
898
924
495
637
32
406
301
732
789
670
246
486
905
315
805
969
55
118
92
449
437
933
169
601
391
153
515
301
231
214
345
944
442
121
336
786
829
111
154
877
843
395
284
792
648
839
777
683
984
692
416
796
513
81
275
278
275
314
390
551
381
840
36
516
988
214
924
615
131
502
374
356
22
688
908
804
193
96
98
743
647
817
295
275
570
627
778
510
540
620
985
305
602
765
612
134
646
310
21
621
998
899
166
952
256
832
341
6
846
375
414
689
619
660
527
295
366
405
289
198
902
845
722
756
769
642
516
119
350
18
96
932
942
331
800
256
638
724
595
60
188
518
432
286
720
83
668
688
677
737
122
555
11
71
415
141
983
783
733
623
30
736
111
237
864
538
275
936
580
920
181
530
122
265
708
710
198
637
845
386
853
155
57
560
180
454
737
117
810
505
335
789
618
316
388
216
215
579
560
112
258
455
942
17
482
498
278
548
694
665
563
110
173
429
555
20
319
263
395
928
597
888
839
671
343
20
611
241
736
505
301
658
823
852
296
32
174
23
688
505
39
132
189
317
744
555
957
735
330
662
161
909
521
978
565
784
86
160
189
623
20
134
287
654
192
714
125
185
739
198
699
610
684
340
377
766
924
786
15
400
117
974
153
613
516
81
168
948
199
503
686
605
431
887
421
708
555
537
218
982
923
170
814
601
323
639
477
629
873
646
705
537
346
988
467
207
987
151
346
637
797
913
944
492
779
863
698
914
854
304
529
704
683
108
836
576
596
245
452
109
323
959
225
149
642
507
139
519
732
125
748
281
405
235
698
438
691
323
752
788
632
355
128
329
870
818
757
30
218
191
770
634
277
791
136
714
132
865
137
677
65
222
372
375
693
227
304
22
446
427
888
31
52
182
330
833
647
57
579
946
552
70
194
193
561
716
577
365
763
157
66
166
203
515
713
833
833
711
86
835
10
739
381
684
474
175
683
1000
372
727
362
458
521
472
23
968
11
816
390
477
932
272
826
335
156
942
218
292
605
158
418
186
913
174
397
936
986
212
274
238
905
434
521
524
359
691
849
315
483
137
214
850
912
898
137
32
70
848
916
131
954
507
768
730
857
465
65
20
196
239
752
992
872
256
136
756
600
497
71
410
653
963
923
147
413
835
831
266
874
979
418
516
410
864
732
267
851
534
804
883
225
703
389
926
292
294
583
893
906
708
310
204
898
182
399
999
45
116
261
789
276
120
676
314
589
558
724
682
604
571
892
501
333
284
544
14
798
612
308
891
245
664
637
722
647
633
896
169
613
415
122
121
799
891
463
11
80
685
251
684
693
941
385
703
852
413
730
888
633
434
6
227
712
653
342
908
469
518
988
5
153
719
490
2
170
124
918
863
629
9
417
389
385
887
285
201
841
778
852
218
518
259
952
99
53
249
996
607
505
180
965
636
277
144
451
71
962
945
489
469
66
112
340
642
908
333
925
769
296
426
305
689
320
920
909
252
172
184
41
465
170
630
405
174
516
300
799
195
658
801
23
317
209
397
810
40
81
704
692
593
342
567
208
973
941
485
899
893
900
911
829
736
902
767
711
242
439
434
723
601
864
471
349
161
789
409
24
409
886
86
373
373
301
746
57
863
854
865
784
891
706
270
880
756
535
648
34
640
761
97
969
746
560
654
274
764
244
667
15
339
903
269
373
950
956
915
633
402
326
337
35
167
449
908
201
231
594
266
189
837
990
22
474
427
501
432
729
938
480
243
801
66
452
33
634
195
688
865
127
567
743
605
566
55
2
802
430
819
659
28
717
265
866
435
70
900
584
946
213
535
681
841
926
670
797
333
51
618
617
240
551
959
139
93
739
295
361
615
51
939
35
827
812
680
373
933
326
577
793
994
634
286
759
380
28
979
596
212
316
660
623
854
465
625
711
267
500
534
195
998
173
392
486
339
948
535
112
563
868
702
198
570
767
524
218
246
385
769
385
252
942
604
750
257
530
925
837
727
500
769
67
341
953
951
430
382
277
215
853
981
323
669
861
701
871
653
240
361
340
491
967
46
483
421
250
686
479
971
898
704
886
127
472
876
234
713
312
346
848
226
957
260
594
962
98
68
318
864
179
897
202
248
650
186
509
392
578
160
229
743
670
202
210
346
73
326
991
652
937
493
101
566
489
664
474
880
581
545
675
72
734
627
874
301
612
21
458
935
327
960
96
989
415
404
347
807
297
616
450
413
634
164
901
397
852
268
23
964
338
557
684
814
710
848
831
519
383
830
51
747
207
757
141
603
211
710
63
235
111
709
477
476
114
246
952
989
955
1000
144
70
366
700
472
351
486
636
992
135
312
914
179
202
380
967
164
703
837
829
87
642
224
211
939
609
43
414
660
945
224
663
346
443
512
440
433
715
524
11
329
798
629
942
708
553
517
289
426
739
13
554
556
48
314
581
747
767
696
252
148
26
898
704
420
918
971
499
211
193
988
522
117
284
733
117
918
939
910
250
60
77
648
287
853
677
779
578
972
618
177
814
515
750
943
525
696
682
931
287
371
217
561
717
392
756
141
306
884
226
373
367
828
61
536
225
167
394
42
617
662
474
227
362
151
993
333
250
790
812
967
217
873
711
303
453
94
783
668
352
935
988
733
182
22
100
513
71
772
389
22
22
724
347
525
163
46
91
920
135
199
439
711
788
187
503
917
363
210
773
771
83
928
963
934
529
724
710
947
146
932
922
321
942
209
482
287
637
229
684
507
937
449
584
386
355
144
305
676
580
180
619
869
470
242
705
56
960
177
318
89
137
106
516
205
937
481
356
347
468
69
130
225
802
669
434
998
493
739
561
86
7
110
797
209
456
92
43
451
453
278
694
774
891
841
913
335
790
902
913
389
967
117
502
609
236
869
446
674
670
164
260
466
184
23
870
536
128
398
573
242
480
251
678
126
630
503
194
277
856
193
231
755
504
212
776
475
256
380
559
841
822
575
172
117
605
685
952
697
478
366
284
641
966
652
742
399
215
300
19
342
273
237
266
937
741
827
861
806
291
612
850
267
386
47
879
521
174
360
984
697
937
792
562
289
681
305
959
148
103
326
865
555
563
657
867
439
501
397
840
796
725
973
232
729
61
157
683
579
830
392
720
263
211
925
940
100
917
746
138
859
344
538
603
869
883
611
741
611
661
685
632
932
933
322
815
275
35
188
179
728
670
829
880
234
266
760
338
825
699
790
872
520
580
788
144
194
943
690
758
389
252
391
726
764
755
418
298
381
982
481
292
301
414
776
503
392
647
404
178
351
917
483
519
426
625
519
670
848
113
418
941
44
232
167
934
149
965
569
931
603
871
131
474
512
641
812
184
542
918
402
379
519
622
704
4
994
495
528
796
88
324
713
149
977
450
134
698
628
295
559
971
635
629
763
593
332
603
49
817
703
624
721
248
241
459
363
774
285
752
8
763
753
8
832
683
84
765
648
996
100
255
48
312
885
779
80
568
949
223
768
604
831
92
509
126
908
70
435
557
632
426
131
387
146
780
185
557
311
165
997
412
148
934
781
613
767
212
74
731
659
956
187
482
648
890
56
127
984
855
326
806
191
940
670
144
544
378
122
216
952
315
387
604
498
12
334
618
449
310
595
352
397
322
627
65
228
752
159
463
555
281
22
793
760
283
497
665
523
891
738
513
443
3
660
311
746
298
394
988
398
601
297
616
517
576
163
740
857
397
978
752
786
254
43
646
421
536
67
340
622
517
408
459
697
857
853
483
549
245
501
195
688
639
725
252
560
828
521
855
175
85
659
605
818
783
772
649
955
618
657
456
294
525
492
410
121
233
925
43
177
250
581
63
92
381
153
22
714
869
132
870
829
562
348
444
88
506
598
734
976
157
630
349
701
430
484
194
464
778
721
594
760
456
904
182
770
978
732
214
769
715
876
348
538
241
3
223
918
332
864
67
610
33
547
622
884
987
396
369
682
815
300
598
564
737
2
160
272
721
273
446
2
870
295
59
579
259
351
304
602
267
149
413
390
267
327
373
763
902
664
213
813
556
166
13
358
577
949
601
219
469
406
185
445
514
253
906
88
371
500
347
675
197
86
226
226
640
191
497
635
36
180
126
703
50
888
259
920
778
649
832
52
303
24
502
996
422
921
686
329
883
605
648
726
258
277
401
423
221
41
268
146
806
61
68
136
650
850
617
881
790
202
673
826
319
890
722
832
914
624
408
72
495
443
669
37
454
682
810
3
860
72
162
605
416
448
85
396
402
554
753
209
156
836
76
602
317
141
160
159
996
949
709
760
290
782
11
239
19
736
584
441
33
978
685
764
968
849
10
837
226
59
185
284
18
403
699
729
932
693
505
157
55
167
538
58
48
533
827
328
488
737
865
811
710
325
919
479
975
375
709
440
651
300
356
7
348
177
391
442
854
841
879
822
786
804
503
647
516
827
39
396
597
532
641
18
778
896
721
497
628
472
300
165
154
8
620
869
557
716
552
418
436
401
34
606
804
522
914
33
827
385
351
614
261
512
710
973
413
773
440
20
67
306
829
139
700
457
870
447
576
646
23
503
938
919
362
616
449
92
424
118
979
776
497
847
742
199
136
937
761
980
347
311
221
3
182
904
568
947
321
83
668
439
541
222
25
250
877
508
236
684
992
922
110
849
173
393
125
256
766
988
80
504
144
336
317
783
678
450
572
983
470
781
537
953
925
403
85
616
494
858
752
807
277
148
129
29
168
828
519
493
301
279
499
392
153
581
690
146
42
341
656
661
368
149
660
982
514
722
417
735
70
11
878
938
646
551
624
304
40
735
469
554
367
200
490
107
308
314
743
291
647
765
94
917
646
648
879
981
625
269
427
242
647
1000
324
220
809
184
342
546
434
718
473
515
613
982
333
314
499
371
369
755
997
100
848
408
90
394
753
384
595
672
225
176
69
652
382
341
165
109
306
838
710
761
483
261
968
426
445
875
874
677
688
875
944
860
682
33
196
562
699
201
560
110
686
957
760
909
94
760
557
424
756
760
503
374
22
889
360
869
598
947
383
765
217
848
631
619
798
797
492
283
488
621
728
501
928
713
584
60
266
812
301
785
621
599
883
559
69
642
864
304
562
88
291
161
370
319
869
234
184
71
166
664
86
160
608
69
940
682
830
396
157
540
203
698
828
772
170
427
49
643
949
854
678
162
84
564
831
326
200
967
824
198
975
961
898
322
183
211
386
787
815
63
432
959
889
760
152
680
777
747
308
369
283
62
739
421
748
994
423
849
306
946
374
835
866
973
845
643
35
965
697
536
878
934
359
553
40
925
330
544
552
805
978
726
576
427
701
584
157
473
163
163
970
723
972
559
322
482
958
621
951
186
214
362
708
12
942
105
96
895
9
436
114
656
73
36
876
129
702
547
384
749
35
104
636
658
733
277
27
949
235
85
991
825
281
904
449
665
411
622
584
222
924
584
213
700
186
413
836
446
776
919
10
232
670
914
458
558
29
30
61
501
721
274
188
823
528
659
349
677
389
637
448
818
445
613
457
106
196
775
318
955
330
816
45
727
555
79
960
616
885
835
640
254
784
996
723
670
6
178
245
960
331
701
185
638
95
952
806
703
260
795
503
430
531
88
315
492
90
857
751
819
513
237
348
343
916
525
632
827
405
605
25
814
852
884
98
264
184
740
737
412
760
76
605
707
603
48
811
989
626
973
1000
719
24
730
487
433
268
308
206
123
174
139
254
361
374
277
398
151
754
306
278
782
735
222
977
456
439
319
12
476
128
383
86
402
871
359
44
857
113
8
22
422
179
950
372
943
660
204
677
614
933
863
399
145
487
225
60
212
802
439
52
269
157
157
366
277
840
654
249
326
759
87
691
187
108
241
772
580
121
311
928
272
929
460
660
442
142
523
891
251
17
176
85
437
356
210
785
198
936
717
546
295
866
51
15
883
160
175
155
904
806
558
354
719
302
793
590
484
160
169
74
981
301
881
176
514
561
109
231
314
118
300
275
341
829
41
541
998
583
946
749
122
991
402
15
537
884
482
267
593
520
59
520
698
750
171
998
713
987
881
414
965
62
631
457
892
516
252
187
149
374
481
436
963
482
666
724
884
268
319
108
394
1
915
533
934
289
271
242
33
198
7
965
630
982
791
199
570
453
782
465
209
383
62
671
657
745
521
441
216
433
811
498
827
328
235
997
559
470
358
79
279
904
446
336
194
304
883
400
537
159
192
305
980
783
428
851
989
607
735
421
608
460
417
682
439
394
736
281
129
915
163
455
576
780
357
54
72
449
824
772
327
903
127
751
126
900
709
219
778
759
874
617
366
649
952
749
314
306
465
225
64
726
67
784
152
649
803
42
283
114
768
527
143
120
837
878
656
197
949
961
648
841
87
289
631
29
829
74
121
89
116
378
138
409
42
960
969
865
209
349
535
311
376
631
974
255
288
94
500
158
169
267
482
902
680
489
57
152
176
79
788
504
265
410
860
306
151
907
906
165
27
651
900
304
59
433
387
880
503
66
491
880
420
587
511
974
607
939
44
68
762
342
977
633
7
407
659
885
252
976
358
425
406
417
580
195
481
851
306
97
815
960
147
397
329
369
433
994
779
52
271
779
913
788
962
172
364
538
198
418
464
220
884
484
700
917
157
885
338
138
167
905
53
841
278
413
683
856
560
594
145
529
405
296
63
152
89
47
161
66
234
359
658
868
752
537
60
475
733
754
600
885
712
516
625
937
954
900
173
838
760
715
943
130
913
722
431
442
637
375
168
915
522
55
896
396
962
741
834
156
262
388
703
301
279
156
212
564
43
797
824
729
919
671
428
31
914
733
989
293
669
590
276
463
597
899
540
203
511
68
29
91
746
875
620
790
552
348
284
746
635
530
253
553
539
499
120
511
811
642
323
305
10
878
991
349
79
366
982
707
221
492
275
112
648
476
521
480
974
550
114
188
647
565
840
953
627
489
528
38
344
586
417
330
75
404
398
349
324
962
357
694
665
229
951
947
899
403
351
263
646
604
293
67
608
811
123
423
354
605
538
732
431
890
76
970
878
813
502
84
361
204
39
647
189
821
221
487
243
977
312
768
236
326
287
432
954
43
382
435
515
263
562
329
77
480
386
106
726
356
368
320
962
409
441
663
34
585
450
924
787
706
776
15
23
117
795
347
716
90
769
195
723
23
828
705
684
103
995
873
926
447
643
898
975
75
715
497
363
245
260
150
17
55
967
333
929
696
18
689
606
153
899
650
20
831
729
748
770
113
329
355
94
163
581
749
164
234
899
286
811
108
688
7
151
586
343
336
857
567
620
715
63
860
452
593
43
331
243
154
339
771
190
